X,Y,R1,R2,R3
6250.00000000,6750.00000000,427.70321655,432.09347534,430.19171143
1750.00000000,6750.00000000,403.94375610,403.16397095,403.39428711
-2750.00000000,6750.00000000,391.84246826,391.20193481,391.49230957
-7250.00000000,6750.00000000,385.46771240,385.52062988,384.88363647
-11750.00000000,6750.00000000,382.59469604,382.57565308,381.97897339
-16250.00000000,6750.00000000,383.00967407,384.21017456,382.59835815
-20750.00000000,6750.00000000,385.76467896,386.48153687,385.40252686
-25250.00000000,6750.00000000,396.80014038,395.42401123,394.43484497
-29750.00000000,6750.00000000,405.94241333,405.23962402,404.04916382
-34250.00000000,6750.00000000,430.75704956,426.49072266,427.58355713
-38750.00000000,6750.00000000,471.28561401,468.55603027,468.43487549
10750.00000000,11250.00000000,389.75796509,388.43731689,387.15008545
6250.00000000,11250.00000000,378.33068848,377.48516846,377.31936646
1750.00000000,11250.00000000,370.26153564,369.99673462,369.99023437
-2750.00000000,11250.00000000,364.68356323,364.61486816,365.37597656
-7250.00000000,11250.00000000,360.56060791,361.54760742,360.45037842
-11750.00000000,11250.00000000,358.88076782,358.53009033,358.87738037
-16250.00000000,11250.00000000,358.89688110,360.28207397,359.01364136
-20750.00000000,11250.00000000,362.27969360,362.21383667,362.24392700
-25250.00000000,11250.00000000,367.42623901,367.16213989,366.91888428
-29750.00000000,11250.00000000,373.69506836,373.44952393,373.40960693
-34250.00000000,11250.00000000,382.59698486,382.40759277,382.43814087
-38750.00000000,11250.00000000,397.06488037,396.77148437,395.72647095
-43250.00000000,11250.00000000,429.19006348,428.25656128,427.21282959
15250.00000000,15750.00000000,357.45547485,357.04138184,356.90328979
10750.00000000,15750.00000000,350.65344238,350.72232056,349.72463989
6250.00000000,15750.00000000,343.97665405,345.08395386,343.76080322
1750.00000000,15750.00000000,338.74401855,338.84613037,338.90567017
-2750.00000000,15750.00000000,334.97808838,335.87960815,334.73089600
-7250.00000000,15750.00000000,334.17443848,332.53094482,333.62219238
-11750.00000000,15750.00000000,332.16305542,332.37875366,331.59683228
-16250.00000000,15750.00000000,333.16583252,333.58737183,332.86718750
-20750.00000000,15750.00000000,337.15063477,337.11260986,336.89117432
-25250.00000000,15750.00000000,343.13665771,343.05987549,342.75634766
-29750.00000000,15750.00000000,349.57086182,348.95315552,349.09780884
-34250.00000000,15750.00000000,357.62948608,357.11581421,356.21450806
-38750.00000000,15750.00000000,367.08340454,366.78781128,366.42471313
-43250.00000000,15750.00000000,378.17245483,378.15243530,378.54589844
-47750.00000000,15750.00000000,394.95422363,394.49334717,393.81005859
19750.00000000,20250.00000000,320.39315796,320.25064087,319.38128662
15250.00000000,20250.00000000,313.20892334,314.32592773,312.36123657
10750.00000000,20250.00000000,307.20773315,306.32522583,306.26702881
6250.00000000,20250.00000000,302.30282593,302.77664185,302.32363892
1750.00000000,20250.00000000,299.52261353,300.71643066,299.17877197
-2750.00000000,20250.00000000,298.09631348,297.29260254,297.15792847
-7250.00000000,20250.00000000,296.81646729,296.79183960,296.67282104
-11750.00000000,20250.00000000,298.14437866,298.18789673,297.71868896
-16250.00000000,20250.00000000,300.71102905,300.61218262,300.64682007
-20750.00000000,20250.00000000,305.02822876,305.00262451,305.12133789
-25250.00000000,20250.00000000,311.29421997,311.02639771,310.83114624
-29750.00000000,20250.00000000,319.19900513,318.88070679,318.10165405
-34250.00000000,20250.00000000,327.66015625,327.53283691,326.78427124
-38750.00000000,20250.00000000,336.56182861,337.49908447,336.03781128
-43250.00000000,20250.00000000,347.77572632,347.17175293,348.31018066
-47750.00000000,20250.00000000,359.71588135,360.27117920,359.37319946
-52250.00000000,20250.00000000,374.63714600,375.64398193,374.87036133
24250.00000000,24750.00000000,271.70169067,271.45947266,271.06509399
19750.00000000,24750.00000000,265.19735718,265.56451416,265.01205444
15250.00000000,24750.00000000,260.64569092,260.28598022,260.07629395
10750.00000000,24750.00000000,257.40179443,256.66955566,256.76882935
6250.00000000,24750.00000000,255.31825256,255.57740784,254.77168274
1750.00000000,24750.00000000,254.88182068,253.98762512,254.11178589
-2750.00000000,24750.00000000,253.65800476,253.50743103,253.46965027
-7250.00000000,24750.00000000,254.55091858,254.27438354,254.41815186
-11750.00000000,24750.00000000,256.86975098,256.70703125,256.43484497
-16250.00000000,24750.00000000,260.58770752,260.44116211,260.20089722
-20750.00000000,24750.00000000,265.79180908,265.70870972,265.41317749
-25250.00000000,24750.00000000,273.12283325,272.68338013,272.71301270
-29750.00000000,24750.00000000,280.74652100,281.39437866,279.97769165
-34250.00000000,24750.00000000,289.10580444,289.11929321,288.72784424
-38750.00000000,24750.00000000,299.03176880,297.95523071,298.03753662
-43250.00000000,24750.00000000,308.26800537,307.90249634,308.15719604
-47750.00000000,24750.00000000,320.97988892,321.55926514,320.59378052
-52250.00000000,24750.00000000,336.82073975,336.05120850,335.87078857
-56750.00000000,24750.00000000,353.57769775,353.11700439,352.90298462
24250.00000000,29250.00000000,214.37310791,214.23522949,213.60740662
19750.00000000,29250.00000000,211.06336975,210.38658142,210.27238464
15250.00000000,29250.00000000,208.35307312,207.67947388,208.14323425
10750.00000000,29250.00000000,206.65010071,206.68534851,206.42485046
6250.00000000,29250.00000000,205.96534729,205.92448425,205.75614929
1750.00000000,29250.00000000,206.37095642,206.25028992,205.77243042
-2750.00000000,29250.00000000,207.36975098,207.00032043,206.94430542
-7250.00000000,29250.00000000,208.74014282,208.62709045,208.40869141
-11750.00000000,29250.00000000,211.50695801,211.38645935,211.45390320
-16250.00000000,29250.00000000,215.98350525,215.70251465,215.72459412
-20750.00000000,29250.00000000,221.71533203,221.98251343,221.06980896
-25250.00000000,29250.00000000,227.74238586,227.50584412,228.11364746
-29750.00000000,29250.00000000,235.39564514,235.72547913,235.08195496
-34250.00000000,29250.00000000,243.13894653,242.35980225,242.97666931
-38750.00000000,29250.00000000,251.64433289,251.99865723,252.35296631
-43250.00000000,29250.00000000,262.83987427,262.85806274,262.61904907
-47750.00000000,29250.00000000,274.33383179,274.61135864,273.92169189
-52250.00000000,29250.00000000,287.49963379,287.37265015,287.17517090
-56750.00000000,29250.00000000,303.74435425,302.83767700,303.13058472
28750.00000000,33750.00000000,161.82682800,162.68154907,161.70089722
24250.00000000,33750.00000000,159.86853027,159.73664856,159.54446411
19750.00000000,33750.00000000,158.17221069,157.92504883,158.05493164
15250.00000000,33750.00000000,157.50209045,157.43029785,157.04304504
10750.00000000,33750.00000000,157.77264404,157.62518311,157.41775513
6250.00000000,33750.00000000,158.43850708,158.47181702,158.33930969
1750.00000000,33750.00000000,159.79470825,159.69215393,159.75328064
-2750.00000000,33750.00000000,161.69317627,161.76716614,161.50416565
-7250.00000000,33750.00000000,164.22682190,164.10180664,164.25592041
-11750.00000000,33750.00000000,167.56100464,168.10491943,167.37969971
-16250.00000000,33750.00000000,171.96826172,171.89871216,171.90095520
-20750.00000000,33750.00000000,176.87966919,176.60458374,176.83511353
-25250.00000000,33750.00000000,182.44142151,182.91024780,182.11561584
-29750.00000000,33750.00000000,188.21591187,188.22492981,188.48286438
-34250.00000000,33750.00000000,195.48556519,195.51814270,195.40403748
-38750.00000000,33750.00000000,203.69322205,203.72387695,203.31518555
-43250.00000000,33750.00000000,212.70744324,212.88824463,212.48727417
-47750.00000000,33750.00000000,222.91775513,223.17822266,222.71159363
-52250.00000000,33750.00000000,234.99203491,235.11065674,235.39025879
-56750.00000000,33750.00000000,249.26513672,249.46748352,249.07525635
-61250.00000000,33750.00000000,268.47976685,268.67538452,267.69586182
28750.00000000,38250.00000000,111.23455048,110.79550171,110.65573883
24250.00000000,38250.00000000,109.72599792,109.66936493,109.57617950
19750.00000000,38250.00000000,109.25769806,109.13906097,109.02402496
15250.00000000,38250.00000000,109.26339722,109.38893127,109.27928925
10750.00000000,38250.00000000,110.63166046,110.42522430,110.74684906
6250.00000000,38250.00000000,112.34709930,112.15540314,112.35173035
1750.00000000,38250.00000000,114.60318756,114.47837067,114.38473511
-2750.00000000,38250.00000000,117.03007507,117.12241364,117.09420776
-7250.00000000,38250.00000000,120.16822052,120.26113129,120.21955872
-11750.00000000,38250.00000000,123.71711731,123.88394928,123.79755402
-16250.00000000,38250.00000000,119.85490417,119.45391846,119.78534698
-20750.00000000,38250.00000000,131.85473633,131.56474304,131.60050964
-25250.00000000,38250.00000000,136.47868347,136.34646606,136.36364746
-29750.00000000,38250.00000000,142.19375610,142.22534180,142.15113831
-34250.00000000,38250.00000000,148.25517273,148.39436340,148.16233826
-38750.00000000,38250.00000000,155.46528625,155.44877625,155.29165649
-43250.00000000,38250.00000000,163.84693909,164.13442993,164.03565979
-47750.00000000,38250.00000000,173.74330139,173.71932983,173.62892151
-52250.00000000,38250.00000000,184.06867981,184.21284485,184.03683472
-56750.00000000,38250.00000000,197.13887024,197.47996521,197.19142151
-61250.00000000,38250.00000000,212.26124573,212.91398621,212.09402466
28750.00000000,42750.00000000,67.37579346,67.44984436,67.32604980
24250.00000000,42750.00000000,67.19180298,67.25190735,67.23923492
19750.00000000,42750.00000000,67.50015259,67.47434998,67.51589203
15250.00000000,42750.00000000,68.57398224,68.50388336,68.47103119
10750.00000000,42750.00000000,69.92281342,69.83817291,69.81231689
6250.00000000,42750.00000000,71.64349365,71.58773041,71.59258270
1750.00000000,42750.00000000,73.93898010,73.88085175,73.75904846
-2750.00000000,42750.00000000,76.74160004,77.04498291,76.65813446
-7250.00000000,42750.00000000,79.66346741,79.82147217,79.59284210
-11750.00000000,42750.00000000,82.71704102,82.72261810,82.70298004
-16250.00000000,42750.00000000,85.74040985,85.82076263,85.85070801
-20750.00000000,42750.00000000,89.47473907,89.47048950,89.42439270
-25250.00000000,42750.00000000,93.59540558,93.59727478,93.62210083
-29750.00000000,42750.00000000,98.17834473,98.22378540,98.32545471
-34250.00000000,42750.00000000,103.76033020,103.54818726,103.62859344
-38750.00000000,42750.00000000,109.03099823,109.21304321,109.10723877
-43250.00000000,42750.00000000,116.83459473,116.98573303,117.07544708
-47750.00000000,42750.00000000,125.34911346,125.32394409,125.29615021
-52250.00000000,42750.00000000,134.76153564,134.87525940,135.11706543
-56750.00000000,42750.00000000,145.61621094,145.63720703,145.54498291
-61250.00000000,42750.00000000,159.17578125,159.24824524,159.23384094
28750.00000000,47250.00000000,39.36079025,39.28692627,39.27162170
24250.00000000,47250.00000000,39.30042267,39.21098328,39.11468124
19750.00000000,47250.00000000,39.35144424,39.38543701,39.34019852
15250.00000000,47250.00000000,39.98962402,40.01888275,39.98094559
10750.00000000,47250.00000000,41.01078415,41.00359344,40.89994431
6250.00000000,47250.00000000,42.20306778,42.12788010,42.03590012
1750.00000000,47250.00000000,43.77913284,43.53356171,43.63643265
-2750.00000000,47250.00000000,45.38485336,45.47491455,45.41643524
-7250.00000000,47250.00000000,47.36585617,47.40471649,47.23587418
-11750.00000000,47250.00000000,49.58441544,49.46179962,49.54367828
-16250.00000000,47250.00000000,51.78812027,51.81957626,51.86091614
-20750.00000000,47250.00000000,54.44307709,54.52041245,54.45386124
-25250.00000000,47250.00000000,57.38339615,57.46739197,57.44363022
-29750.00000000,47250.00000000,61.11254501,61.14358139,61.21471024
-34250.00000000,47250.00000000,65.40722656,65.39262390,65.34615326
-38750.00000000,47250.00000000,70.31237030,70.33203888,70.29510498
-43250.00000000,47250.00000000,76.00556183,75.91599274,75.92566681
-47750.00000000,47250.00000000,82.61845398,82.58699036,82.57038879
-52250.00000000,47250.00000000,90.49964142,90.50009918,90.49844360
-56750.00000000,47250.00000000,99.44013214,99.49729919,99.44390869
-61250.00000000,47250.00000000,110.67255402,110.72473907,110.89823914
28750.00000000,51750.00000000,24.68740273,24.62066650,24.53195763
24250.00000000,51750.00000000,24.47552490,24.44383621,24.42162514
19750.00000000,51750.00000000,24.52029991,24.56237221,24.48064995
15250.00000000,51750.00000000,24.80351257,24.82862854,24.73892784
10750.00000000,51750.00000000,25.17737198,25.11548042,25.11920357
6250.00000000,51750.00000000,25.72263145,25.79833984,25.73177147
1750.00000000,51750.00000000,26.44527054,26.45198441,26.45832062
-2750.00000000,51750.00000000,27.32235146,27.29323578,27.27795410
-7250.00000000,51750.00000000,28.29496193,28.31916428,28.29463577
-11750.00000000,51750.00000000,29.64179039,29.63275909,29.61513329
-16250.00000000,51750.00000000,30.74727058,30.78964043,30.76043320
-20750.00000000,51750.00000000,32.18844223,32.24665070,32.23415756
-25250.00000000,51750.00000000,34.05478668,34.07249832,34.01893616
-29750.00000000,51750.00000000,36.23937988,36.26279449,36.19940567
-34250.00000000,51750.00000000,38.76280212,38.80447006,38.81722641
-38750.00000000,51750.00000000,41.78180313,41.83716202,41.78558350
-43250.00000000,51750.00000000,45.54163361,45.46572495,45.48189926
-47750.00000000,51750.00000000,50.01156998,49.99046707,49.90575409
-52250.00000000,51750.00000000,55.33115005,55.38561249,55.41175461
-56750.00000000,51750.00000000,61.91311646,61.85414124,61.85403061
-61250.00000000,51750.00000000,70.42440796,70.21123505,70.27010345
28750.00000000,56250.00000000,17.32043648,17.25583076,17.24428368
24250.00000000,56250.00000000,17.18155098,17.15104103,17.20010376
19750.00000000,56250.00000000,17.17860985,17.14400673,17.10667992
15250.00000000,56250.00000000,17.20638657,17.21311951,17.23882484
10750.00000000,56250.00000000,17.34516907,17.34065437,17.29644585
6250.00000000,56250.00000000,17.65387726,17.61044121,17.65281487
1750.00000000,56250.00000000,18.03757668,18.03659439,18.01831436
-2750.00000000,56250.00000000,18.53747368,18.49956894,18.49468613
-7250.00000000,56250.00000000,18.97185516,18.99512672,19.00577736
-11750.00000000,56250.00000000,19.52405167,19.58222389,19.56393433
-16250.00000000,56250.00000000,20.23782921,20.23570824,20.25106812
-20750.00000000,56250.00000000,21.03620911,21.03070259,21.04842186
-25250.00000000,56250.00000000,21.91766930,21.91687202,21.89587402
-29750.00000000,56250.00000000,23.03429604,23.15092850,23.04122734
-34250.00000000,56250.00000000,24.40038300,24.46031570,24.37864304
-38750.00000000,56250.00000000,26.05921364,26.02209282,26.03841782
-43250.00000000,56250.00000000,28.02055168,28.02186394,28.02289772
-47750.00000000,56250.00000000,30.58472061,30.50300980,30.61912918
-52250.00000000,56250.00000000,33.45632172,33.57406998,33.48118210
-56750.00000000,56250.00000000,37.35567856,37.34378052,37.37056732
-61250.00000000,56250.00000000,42.50981522,42.53480148,42.54345322
28750.00000000,60750.00000000,12.96862030,13.01829338,12.96766853
24250.00000000,60750.00000000,12.90193748,12.85461807,12.91690922
19750.00000000,60750.00000000,12.71408653,12.75812435,12.73390675
15250.00000000,60750.00000000,12.74311447,12.72014141,12.72235966
10750.00000000,60750.00000000,12.86988640,12.87785816,12.83748341
6250.00000000,60750.00000000,13.04046059,13.02865314,13.03312874
1750.00000000,60750.00000000,13.24163723,13.25831509,13.24234581
-2750.00000000,60750.00000000,13.49776268,13.50939846,13.48685265
-7250.00000000,60750.00000000,13.86552238,13.87653542,13.86920071
-11750.00000000,60750.00000000,14.21809387,14.22948551,14.21917343
-16250.00000000,60750.00000000,14.66174603,14.65449333,14.68304157
-20750.00000000,60750.00000000,15.12605667,15.13482189,15.12461185
-25250.00000000,60750.00000000,15.69505024,15.67541504,15.68762493
-29750.00000000,60750.00000000,16.44109154,16.36649513,16.35770798
-34250.00000000,60750.00000000,17.12860489,17.15888214,17.12590027
-38750.00000000,60750.00000000,18.13725853,18.09605026,18.07736588
-43250.00000000,60750.00000000,19.19194603,19.17538261,19.20693016
-47750.00000000,60750.00000000,20.51477814,20.52769089,20.51710510
-52250.00000000,60750.00000000,22.13448143,22.13932037,22.12944031
-56750.00000000,60750.00000000,24.29651833,24.27946472,24.32974243
-61250.00000000,60750.00000000,27.18054771,27.21826553,27.21140862
24250.00000000,65250.00000000,9.68131733,9.70306492,9.67073727
19750.00000000,65250.00000000,9.59954166,9.59428215,9.61730003
15250.00000000,65250.00000000,9.60712337,9.61400223,9.61382866
10750.00000000,65250.00000000,9.65440369,9.64926243,9.65162849
6250.00000000,65250.00000000,9.72244072,9.74866104,9.75374413
1750.00000000,65250.00000000,9.89280224,9.89739799,9.89935684
-2750.00000000,65250.00000000,10.08140373,10.07740402,10.07374763
-7250.00000000,65250.00000000,10.27375412,10.27854252,10.28953743
-11750.00000000,65250.00000000,10.51838970,10.52653408,10.53825188
-16250.00000000,65250.00000000,10.79038525,10.81311226,10.80117798
-20750.00000000,65250.00000000,11.12260723,11.12630653,11.15468979
-25250.00000000,65250.00000000,11.48557377,11.51669693,11.51315594
-29750.00000000,65250.00000000,11.92182255,11.92786884,11.92496300
-34250.00000000,65250.00000000,12.48215389,12.47889519,12.47498035
-38750.00000000,65250.00000000,13.08744144,13.08313751,13.09398365
-43250.00000000,65250.00000000,13.81789207,13.85156155,13.83945274
-47750.00000000,65250.00000000,14.67393970,14.71393681,14.67568016
-52250.00000000,65250.00000000,15.75480461,15.77885818,15.77436352
-56750.00000000,65250.00000000,17.19459343,17.17374420,17.18987656
24250.00000000,69750.00000000,7.19579268,7.19392443,7.18867779
19750.00000000,69750.00000000,7.16490173,7.17253399,7.17228985
15250.00000000,69750.00000000,7.15245295,7.15511751,7.16364431
10750.00000000,69750.00000000,7.18366385,7.18851185,7.19179296
6250.00000000,69750.00000000,7.25409937,7.25833321,7.26185799
1750.00000000,69750.00000000,7.35385561,7.35179186,7.34667206
-2750.00000000,69750.00000000,7.47038984,7.47632217,7.47334385
-7250.00000000,69750.00000000,7.61232519,7.65089560,7.62260294
-11750.00000000,69750.00000000,7.77867842,7.78401947,7.81817627
-16250.00000000,69750.00000000,7.99614191,7.99926853,8.00422573
-20750.00000000,69750.00000000,8.23884487,8.23644638,8.23988056
-25250.00000000,69750.00000000,8.54381084,8.52706623,8.52593994
-29750.00000000,69750.00000000,8.84908485,8.85370350,8.85631847
-34250.00000000,69750.00000000,9.21768475,9.22180176,9.22858715
-38750.00000000,69750.00000000,9.65859699,9.65658760,9.65881538
-43250.00000000,69750.00000000,10.17700768,10.17632103,10.17906284
-47750.00000000,69750.00000000,10.75102234,10.76392841,10.75319958
-52250.00000000,69750.00000000,11.51220131,11.53285694,11.53854752
-56750.00000000,69750.00000000,12.46767616,12.47909641,12.46997356
19750.00000000,74250.00000000,5.34027004,5.33758450,5.33847809
15250.00000000,74250.00000000,5.35132408,5.35054970,5.35167694
10750.00000000,74250.00000000,5.37346077,5.37517595,5.37539339
6250.00000000,74250.00000000,5.41887379,5.42043495,5.41813564
1750.00000000,74250.00000000,5.47560787,5.51480484,5.47958422
-2750.00000000,74250.00000000,5.56624460,5.58388519,5.56056309
-7250.00000000,74250.00000000,5.66493416,5.66515160,5.66390944
-11750.00000000,74250.00000000,5.78140783,5.78163624,5.78287888
-16250.00000000,74250.00000000,5.92308140,5.92733622,5.92565489
-20750.00000000,74250.00000000,6.10529852,6.10503674,6.10293674
-25250.00000000,74250.00000000,6.31222868,6.30983686,6.30886459
-29750.00000000,74250.00000000,6.54909229,6.55003023,6.54701567
-34250.00000000,74250.00000000,6.82899714,6.83591318,6.84095335
-38750.00000000,74250.00000000,7.16855192,7.17201090,7.18391562
-43250.00000000,74250.00000000,7.56725645,7.56429148,7.57182264
-47750.00000000,74250.00000000,8.02979755,8.04079247,8.03571510
-52250.00000000,74250.00000000,8.55089378,8.55723381,8.55840492
15250.00000000,78750.00000000,3.97218513,3.97548127,3.97309852
10750.00000000,78750.00000000,4.01537323,4.02042532,4.01770353
6250.00000000,78750.00000000,4.05448437,4.07608128,4.05649900
1750.00000000,78750.00000000,4.10394716,4.10317135,4.10082293
-2750.00000000,78750.00000000,4.15504599,4.16907310,4.15459442
-7250.00000000,78750.00000000,4.23065758,4.22656202,4.22627735
-11750.00000000,78750.00000000,4.31447840,4.31376219,4.31181240
-16250.00000000,78750.00000000,4.41993904,4.41872883,4.41981697
-20750.00000000,78750.00000000,4.55148125,4.55370426,4.55088139
-25250.00000000,78750.00000000,4.70877504,4.71029997,4.71004725
-29750.00000000,78750.00000000,4.89912653,4.91051531,4.90498686
-34250.00000000,78750.00000000,5.11644840,5.14135551,5.12370491
-38750.00000000,78750.00000000,5.37354231,5.37664938,5.38029289
-43250.00000000,78750.00000000,5.67487955,5.67229414,5.66995955
-47750.00000000,78750.00000000,5.99145937,5.99200916,5.99698305
10750.00000000,83250.00000000,3.01436377,3.03085661,3.01654816
6250.00000000,83250.00000000,3.06400776,3.05220270,3.05245280
1750.00000000,83250.00000000,3.07586479,3.07623506,3.07645440
-2750.00000000,83250.00000000,3.11026382,3.11009622,3.11190796
-7250.00000000,83250.00000000,3.15515304,3.15849686,3.15698576
-11750.00000000,83250.00000000,3.21746206,3.21573329,3.21564865
-16250.00000000,83250.00000000,3.29681683,3.29789114,3.29826403
-20750.00000000,83250.00000000,3.39862823,3.40274572,3.40039086
-25250.00000000,83250.00000000,3.53329301,3.51921415,3.52404594
-29750.00000000,83250.00000000,3.66743040,3.67080283,3.66999936
-34250.00000000,83250.00000000,3.84007573,3.84065008,3.84219384
-38750.00000000,83250.00000000,4.04698706,4.04919243,4.04908848
-43250.00000000,83250.00000000,4.26150799,4.26327276,4.25831699
6250.00000000,87750.00000000,2.31751347,2.32154584,2.31946182
1750.00000000,87750.00000000,2.35520244,2.35315394,2.35436153
-2750.00000000,87750.00000000,2.38101459,2.38056326,2.38057876
-7250.00000000,87750.00000000,2.40672517,2.40607238,2.40586948
-11750.00000000,87750.00000000,2.44559002,2.44708443,2.44711733
-16250.00000000,87750.00000000,2.49928427,2.51154256,2.50227284
-20750.00000000,87750.00000000,2.56893253,2.57109761,2.57111454
-25250.00000000,87750.00000000,2.66148877,2.66293025,2.66499805
-29750.00000000,87750.00000000,2.77392697,2.77743840,2.77807808
-34250.00000000,87750.00000000,2.90133524,2.90067840,2.90237641
-38750.00000000,87750.00000000,3.03319001,3.03078675,3.03510594
-2750.00000000,92250.00000000,1.83414364,1.83605790,1.83758557
-7250.00000000,92250.00000000,1.86356676,1.86484385,1.86494589
-11750.00000000,92250.00000000,1.89369738,1.89519143,1.89475679
-16250.00000000,92250.00000000,1.93396974,1.93437684,1.93847311
-20750.00000000,92250.00000000,1.98986626,1.98850441,1.99050534
-25250.00000000,92250.00000000,2.04569101,2.04659653,2.04894972
-29750.00000000,92250.00000000,2.11621237,2.11711812,2.11873007
