Index;x;y;N;O;Cr
Spectrum 1 {1};-46.644;-40.016999999999996;0.0;0.0;0.0
Spectrum 1 {4};-19.64;-40.016999999999996;44.0;6.6;49.4
Spectrum 1 {5};-10.639000000000001;-40.016999999999996;42.0;6.1;51.9
Spectrum 1 {6};-1.639;-40.016999999999996;44.9;6.8;48.3
Spectrum 1 {7};7.349;-40.016999999999996;45.2;9.8;45.0
Spectrum 1 {8};16.348;-40.016999999999996;52.3;4.4;43.3
Spectrum 1 {12};-46.635;-31.013;0.0;100.0;0.0
Spectrum 1 {14};-28.643;-31.013;45.4;7.8;46.8
Spectrum 1 {15};-19.641;-31.013;43.3;6.1;50.6
Spectrum 1 {16};-10.64;-31.013;39.3;7.4;53.4
Spectrum 1 {17};-1.639;-31.013;42.0;6.4;51.7
Spectrum 1 {18};7.348;-31.013;47.5;5.8;46.8
Spectrum 1 {19};16.349;-31.013;49.3;6.3;44.4
Spectrum 1 {20};25.349;-31.013;58.2;4.7;37.1
Spectrum 1 {23};-46.638000000000005;-22.017;0.0;96.5;3.5
Spectrum 1 {24};-37.639;-22.017;47.7;5.4;46.9
Spectrum 1 {25};-28.639;-22.017;44.1;7.0;48.8
Spectrum 1 {26};-19.637999999999998;-22.017;37.7;4.1;58.2
Spectrum 1 {27};-10.638;-22.017;41.8;6.5;51.7
Spectrum 1 {28};-1.639;-22.017;46.1;3.9;50.0
Spectrum 1 {29};7.35;-22.017;50.0;6.2;43.8
Spectrum 1 {30};16.351;-22.017;48.0;6.6;45.4
Spectrum 1 {31};25.349;-22.017;54.0;6.7;39.3
Spectrum 1 {32};34.35;-22.017;59.2;5.4;35.5
Spectrum 1 {34};-46.638999999999996;-13.015999999999998;48.0;7.4;44.7
Spectrum 1 {35};-37.639;-13.015999999999998;43.5;7.1;49.3
Spectrum 1 {36};-28.64;-13.015999999999998;41.7;6.2;52.1
Spectrum 1 {37};-19.64;-13.015999999999998;35.2;7.1;57.8
Spectrum 1 {38};-10.64;-13.015999999999998;43.6;5.3;51.1
Spectrum 1 {39};-1.6380000000000001;-13.015999999999998;46.1;5.0;48.9
Spectrum 1 {40};7.351;-13.015999999999998;49.0;5.4;45.6
Spectrum 1 {41};16.351;-13.015999999999998;49.0;7.4;43.6
Spectrum 1 {42};25.349;-13.015999999999998;51.6;6.3;42.1
Spectrum 1 {43};34.35;-13.015999999999998;58.2;5.4;36.4
Spectrum 1 {44};43.352;-13.015999999999998;58.3;6.5;35.2
Spectrum 1 {45};-46.638000000000005;-4.02;48.2;7.4;44.4
Spectrum 1 {46};-37.639;-4.02;42.2;8.3;49.5
Spectrum 1 {47};-28.64;-4.02;36.1;0.0;63.9
Spectrum 1 {48};-19.637999999999998;-4.02;35.1;7.4;57.6
Spectrum 1 {49};-10.64;-4.02;40.1;6.6;53.3
Spectrum 1 {50};-1.639;-4.02;43.2;6.4;50.3
Spectrum 1 {51};7.351;-4.02;47.8;5.0;47.2
Spectrum 1 {52};16.349;-4.02;49.2;5.2;45.6
Spectrum 1 {53};25.349;-4.02;53.0;5.1;41.8
Spectrum 1 {54};34.349000000000004;-4.02;57.5;5.7;36.8
Spectrum 1 {55};43.349;-4.02;58.0;6.4;35.6
Spectrum 1 {56};-46.64;4.974;47.4;5.2;47.4
Spectrum 1 {57};-37.639;4.974;42.7;5.8;51.5
Spectrum 1 {58};-28.64;4.974;36.2;8.3;55.5
Spectrum 1 {59};-19.639;4.974;35.3;9.0;55.7
Spectrum 1 {60};-10.638;4.974;40.2;6.2;53.6
Spectrum 1 {61};-1.639;4.974;43.7;6.1;50.2
Spectrum 1 {62};7.349;4.974;46.6;5.1;48.3
Spectrum 1 {63};16.349;4.974;48.1;6.9;45.0
Spectrum 1 {64};25.351;4.974;50.2;6.6;43.2
Spectrum 1 {65};34.349000000000004;4.974;55.9;4.8;39.2
Spectrum 1 {66};43.349;4.974;57.9;5.7;36.4
Spectrum 1 {67};-46.64;13.970999999999998;45.6;6.6;47.8
Spectrum 1 {68};-37.639;13.970999999999998;43.1;7.8;49.2
Spectrum 1 {69};-28.639;13.970999999999998;37.8;5.7;56.5
Spectrum 1 {70};-19.64;13.970999999999998;30.0;9.8;60.2
Spectrum 1 {71};-10.64;13.970999999999998;34.3;7.0;58.8
Spectrum 1 {72};-1.64;13.970999999999998;38.4;6.6;55.0
Spectrum 1 {73};7.349;13.970999999999998;42.9;5.7;51.4
Spectrum 1 {74};16.35;13.970999999999998;43.8;5.8;50.4
Spectrum 1 {75};25.351;13.970999999999998;49.4;5.9;44.7
Spectrum 1 {76};34.35;13.970999999999998;55.7;5.5;38.8
Spectrum 1 {77};43.35;13.970999999999998;57.9;5.0;37.1
Spectrum 1 {78};-46.638000000000005;22.975;0.0;100.0;0.0
Spectrum 1 {79};-37.639;22.975;44.7;5.0;50.2
Spectrum 1 {80};-28.638;22.975;42.9;6.0;51.1
Spectrum 1 {81};-19.64;22.975;33.0;7.6;59.3
Spectrum 1 {82};-10.638;22.975;32.5;7.5;60.0
Spectrum 1 {83};-1.639;22.975;32.0;8.5;59.5
Spectrum 1 {84};7.351;22.975;36.1;6.5;57.4
Spectrum 1 {85};16.35;22.975;45.9;6.6;47.6
Spectrum 1 {86};25.349;22.975;49.3;5.7;45.0
Spectrum 1 {87};34.349000000000004;22.975;56.1;4.9;39.0
Spectrum 1 {89};-46.64;31.971;0.0;100.0;0.0
Spectrum 1 {91};-28.639;31.971;41.5;5.7;52.7
Spectrum 1 {92};-19.64;31.971;40.6;5.8;53.6
Spectrum 1 {93};-10.639000000000001;31.971;38.1;5.9;56.0
Spectrum 1 {94};-1.64;31.971;37.3;0.0;62.7
Spectrum 1 {95};7.349;31.971;41.9;6.5;51.7
Spectrum 1 {96};16.351;31.971;43.1;3.9;53.0
Spectrum 1 {97};25.351;31.971;49.0;6.3;44.7
Spectrum 1 {100};-46.638999999999996;40.97;0.0;0.0;0.0
Spectrum 1 {103};-19.639;40.97;39.3;5.8;54.9
Spectrum 1 {104};-10.638;40.97;38.8;4.9;56.3
Spectrum 1 {105};-1.6380000000000001;40.97;39.5;4.8;55.7
Spectrum 1 {106};7.35;40.97;38.4;6.1;55.5
Spectrum 1 {107};16.349;40.97;45.1;3.3;51.5