,x,y,Ti,Co,Nb,Sn
Spectrum 1 {6},-22.67,-40.968999999999994,2.9,42.7,13.4,41.0
Spectrum 1 {7},-18.169,-40.968999999999994,3.2,42.6,14.5,39.7
Spectrum 1 {8},-13.67,-40.968999999999994,3.2,43.1,15.5,38.3
Spectrum 1 {9},-9.17,-40.968999999999994,3.5,43.4,15.8,37.2
Spectrum 1 {10},-4.67,-40.968999999999994,3.4,44.2,15.9,36.5
Spectrum 1 {11},-0.171,-40.968999999999994,3.6,45.2,15.7,35.5
Spectrum 1 {12},4.319,-40.968999999999994,3.5,45.5,15.9,35.1
Spectrum 1 {13},8.818999999999999,-40.968999999999994,3.4,46.7,15.2,34.7
Spectrum 1 {14},13.319,-40.968999999999994,3.1,47.7,14.8,34.4
Spectrum 1 {15},17.819000000000003,-40.968999999999994,3.3,48.2,14.1,34.4
Spectrum 1 {16},22.319000000000003,-40.968999999999994,3.2,49.2,13.3,34.4
Spectrum 1 {26},-27.17,-36.47,3.3,40.4,16.3,39.9
Spectrum 1 {27},-22.669,-36.47,3.4,40.9,16.5,39.3
Spectrum 1 {28},-18.17,-36.47,3.5,41.4,16.8,38.3
Spectrum 1 {29},-13.669,-36.47,3.6,42.2,16.9,37.4
Spectrum 1 {30},-9.17,-36.47,3.6,42.8,17.4,36.2
Spectrum 1 {31},-4.668,-36.47,3.8,43.6,17.2,35.5
Spectrum 1 {32},-0.16899999999999998,-36.47,3.6,44.8,16.7,34.8
Spectrum 1 {33},4.3180000000000005,-36.47,3.8,45.1,16.8,34.3
Spectrum 1 {34},8.818999999999999,-36.47,3.5,46.2,16.3,34.0
Spectrum 1 {35},13.318,-36.47,3.5,47.0,16.2,33.3
Spectrum 1 {36},17.819000000000003,-36.47,3.4,47.6,15.6,33.4
Spectrum 1 {37},22.32,-36.47,3.1,48.3,15.2,33.3
Spectrum 1 {38},26.82,-36.47,3.1,49.1,14.7,33.1
Spectrum 1 {46},-31.67,-31.969,3.5,39.2,17.4,39.9
Spectrum 1 {47},-27.171,-31.969,3.7,39.8,17.5,39.0
Spectrum 1 {48},-22.67,-31.969,3.5,40.5,17.7,38.3
Spectrum 1 {49},-18.171,-31.969,3.7,40.5,17.9,37.8
Spectrum 1 {50},-13.67,-31.969,3.7,41.4,18.2,36.7
Spectrum 1 {51},-9.169,-31.969,3.7,42.4,18.2,35.7
Spectrum 1 {52},-4.669,-31.969,4.0,43.4,18.1,34.6
Spectrum 1 {53},-0.16899999999999998,-31.969,3.9,44.4,17.8,34.0
Spectrum 1 {54},4.3180000000000005,-31.969,3.8,44.9,17.8,33.6
Spectrum 1 {55},8.818999999999999,-31.969,3.8,45.7,17.3,33.2
Spectrum 1 {56},13.32,-31.969,3.7,46.5,17.0,32.8
Spectrum 1 {57},17.819000000000003,-31.969,3.6,47.0,16.6,32.8
Spectrum 1 {58},22.32,-31.969,3.5,47.9,15.8,32.7
Spectrum 1 {59},26.819000000000003,-31.969,3.4,48.7,15.4,32.5
Spectrum 1 {60},31.32,-31.969,3.3,49.5,15.0,32.2
Spectrum 1 {66},-36.169000000000004,-27.464000000000002,3.8,37.8,19.9,38.5
Spectrum 1 {67},-31.671999999999997,-27.464000000000002,3.5,39.0,18.1,39.4
Spectrum 1 {68},-27.171,-27.464000000000002,3.8,39.2,18.3,38.8
Spectrum 1 {69},-22.669,-27.464000000000002,3.9,39.5,18.7,37.9
Spectrum 1 {70},-18.168,-27.464000000000002,3.8,40.2,19.0,36.9
Spectrum 1 {71},-13.669,-27.464000000000002,4.0,41.1,18.9,36.1
Spectrum 1 {72},-9.17,-27.464000000000002,4.0,41.8,19.2,35.0
Spectrum 1 {73},-4.669,-27.464000000000002,4.0,42.5,19.2,34.3
Spectrum 1 {74},-0.16899999999999998,-27.464000000000002,4.0,43.7,18.8,33.6
Spectrum 1 {75},4.321000000000001,-27.464000000000002,3.9,44.2,18.7,33.2
Spectrum 1 {76},8.818999999999999,-27.464000000000002,3.9,45.3,18.4,32.4
Spectrum 1 {77},13.319,-27.464000000000002,3.9,45.7,18.0,32.4
Spectrum 1 {78},17.82,-27.464000000000002,3.8,46.9,17.2,32.1
Spectrum 1 {79},22.32,-27.464000000000002,3.7,47.3,16.7,32.3
Spectrum 1 {80},26.82,-27.464000000000002,3.5,48.4,16.3,31.8
Spectrum 1 {81},31.320999999999998,-27.464000000000002,3.3,49.5,15.6,31.6
Spectrum 1 {82},35.818000000000005,-27.464000000000002,3.2,50.2,14.8,31.8
Spectrum 1 {87},-36.17,-22.967,3.8,37.3,19.8,39.0
Spectrum 1 {88},-31.669,-22.967,3.9,38.1,19.3,38.6
Spectrum 1 {89},-27.17,-22.967,3.7,38.8,19.5,37.9
Spectrum 1 {90},-22.668000000000003,-22.967,3.9,39.3,19.7,37.1
Spectrum 1 {91},-18.168,-22.967,4.0,39.6,20.2,36.2
Spectrum 1 {92},-13.67,-22.967,4.3,40.1,20.1,35.5
Spectrum 1 {93},-9.169,-22.967,4.2,41.0,20.3,34.5
Spectrum 1 {94},-4.671,-22.967,4.2,41.7,20.0,34.0
Spectrum 1 {95},-0.171,-22.967,4.0,43.1,19.7,33.2
Spectrum 1 {96},4.32,-22.967,4.0,43.8,19.6,32.5
Spectrum 1 {97},8.818999999999999,-22.967,3.9,44.5,19.3,32.3
Spectrum 1 {98},13.318,-22.967,3.9,45.2,18.9,32.1
Spectrum 1 {99},17.82,-22.967,3.9,46.1,18.0,31.9
Spectrum 1 {100},22.32,-22.967,3.8,46.9,17.5,31.7
Spectrum 1 {101},26.82,-22.967,3.5,48.2,16.9,31.5
Spectrum 1 {102},31.318,-22.967,3.6,49.1,16.1,31.2
Spectrum 1 {103},35.819,-22.967,3.3,49.3,15.9,31.5
Spectrum 1 {104},40.318000000000005,-22.967,3.3,48.8,16.2,31.7
Spectrum 1 {108},-36.169000000000004,-18.467,4.1,36.9,20.1,38.8
Spectrum 1 {109},-31.67,-18.467,3.9,37.9,20.2,37.9
Spectrum 1 {110},-27.169,-18.467,4.0,38.1,20.5,37.5
Spectrum 1 {111},-22.669,-18.467,4.1,38.8,20.7,36.4
Spectrum 1 {112},-18.168,-18.467,4.3,39.0,21.0,35.7
Spectrum 1 {113},-13.671,-18.467,4.3,39.5,21.3,34.9
Spectrum 1 {114},-9.169,-18.467,4.3,40.3,21.3,34.1
Spectrum 1 {115},-4.668,-18.467,4.3,41.3,21.0,33.5
Spectrum 1 {116},-0.16899999999999998,-18.467,4.3,42.3,20.7,32.7
Spectrum 1 {117},4.32,-18.467,4.1,43.2,20.5,32.2
Spectrum 1 {118},8.818999999999999,-18.467,4.1,43.7,20.2,32.0
Spectrum 1 {119},13.32,-18.467,3.9,44.7,19.9,31.6
Spectrum 1 {120},17.817999999999998,-18.467,4.0,45.5,18.9,31.6
Spectrum 1 {121},22.32,-18.467,3.8,46.3,18.4,31.4
Spectrum 1 {122},26.82,-18.467,3.7,47.3,17.8,31.2
Spectrum 1 {123},31.32,-18.467,3.7,48.3,17.3,30.8
Spectrum 1 {124},35.82,-18.467,3.5,48.5,16.7,31.2
Spectrum 1 {125},40.318000000000005,-18.467,3.7,48.4,18.0,30.0
Spectrum 1 {129},-36.17,-13.964,4.1,36.3,21.0,38.6
Spectrum 1 {130},-31.67,-13.964,4.1,37.1,21.0,37.8
Spectrum 1 {131},-27.171,-13.964,4.2,37.5,21.5,36.8
Spectrum 1 {132},-22.67,-13.964,4.2,37.9,22.0,36.0
Spectrum 1 {133},-18.168,-13.964,4.3,38.3,22.1,35.3
Spectrum 1 {134},-13.669,-13.964,4.4,39.0,22.3,34.3
Spectrum 1 {135},-9.169,-13.964,4.4,40.1,22.0,33.5
Spectrum 1 {136},-4.668,-13.964,4.4,41.0,22.0,32.6
Spectrum 1 {137},-0.168,-13.964,4.5,41.5,21.9,32.1
Spectrum 1 {138},4.319,-13.964,4.4,42.7,21.3,31.7
Spectrum 1 {139},8.818999999999999,-13.964,4.3,43.1,21.3,31.2
Spectrum 1 {140},13.319,-13.964,4.2,43.9,20.6,31.3
Spectrum 1 {141},17.819000000000003,-13.964,4.2,45.0,20.0,30.8
Spectrum 1 {142},22.32,-13.964,4.0,46.0,19.4,30.6
Spectrum 1 {143},26.819000000000003,-13.964,3.9,46.8,18.6,30.7
Spectrum 1 {144},31.32,-13.964,3.6,48.1,17.8,30.6
Spectrum 1 {145},35.819,-13.964,3.7,48.0,17.5,30.8
Spectrum 1 {150},-36.171,-9.466000000000001,4.1,36.0,22.1,37.9
Spectrum 1 {151},-31.671,-9.466000000000001,4.1,36.6,22.3,37.0
Spectrum 1 {152},-27.171,-9.466000000000001,4.3,36.9,22.9,35.9
Spectrum 1 {153},-22.669,-9.466000000000001,4.4,37.0,23.4,35.3
Spectrum 1 {154},-18.17,-9.466000000000001,4.6,37.4,23.4,34.6
Spectrum 1 {155},-13.669,-9.466000000000001,4.6,38.2,23.6,33.6
Spectrum 1 {156},-9.169,-9.466000000000001,4.8,39.2,23.6,32.4
Spectrum 1 {157},-4.668,-9.466000000000001,4.6,40.0,23.4,32.1
Spectrum 1 {158},-0.17,-9.466000000000001,4.6,41.0,22.9,31.6
Spectrum 1 {159},4.3180000000000005,-9.466000000000001,4.6,42.0,22.4,31.0
Spectrum 1 {160},8.818999999999999,-9.466000000000001,4.5,42.2,22.2,31.1
Spectrum 1 {161},13.32,-9.466000000000001,4.4,43.2,21.6,30.8
Spectrum 1 {162},17.820999999999998,-9.466000000000001,4.2,44.3,20.7,30.8
Spectrum 1 {163},22.32,-9.466000000000001,4.1,45.0,20.2,30.6
Spectrum 1 {164},26.82,-9.466000000000001,4.0,46.3,19.6,30.1
Spectrum 1 {165},31.318,-9.466000000000001,3.9,46.8,19.0,30.2
Spectrum 1 {166},35.821,-9.466000000000001,3.7,47.3,18.4,30.5
Spectrum 1 {171},-36.17,-4.966,4.2,35.4,23.3,37.1
Spectrum 1 {172},-31.67,-4.966,4.3,36.3,23.3,36.0
Spectrum 1 {173},-27.171,-4.966,4.4,36.7,24.0,34.9
Spectrum 1 {174},-22.67,-4.966,4.7,36.7,24.3,34.3
Spectrum 1 {175},-18.17,-4.966,4.8,37.2,24.8,33.3
Spectrum 1 {176},-13.669,-4.966,4.8,38.1,24.8,32.3
Spectrum 1 {177},-9.171,-4.966,4.9,38.6,24.8,31.8
Spectrum 1 {178},-4.671,-4.966,4.7,39.3,24.7,31.3
Spectrum 1 {179},-0.16899999999999998,-4.966,4.8,40.2,24.2,30.8
Spectrum 1 {180},4.32,-4.966,4.7,41.0,23.9,30.4
Spectrum 1 {181},8.82,-4.966,4.7,41.6,23.5,30.2
Spectrum 1 {182},13.319,-4.966,4.6,42.8,22.6,30.0
Spectrum 1 {183},17.819000000000003,-4.966,4.4,43.7,21.9,30.0
Spectrum 1 {184},22.32,-4.966,4.2,44.4,21.4,30.0
Spectrum 1 {185},26.819000000000003,-4.966,3.9,45.7,20.6,29.8
Spectrum 1 {186},31.319000000000003,-4.966,3.8,46.8,19.8,29.6
Spectrum 1 {187},35.819,-4.966,3.8,46.5,19.7,30.0
Spectrum 1 {192},-36.17,-0.46799999999999997,4.6,34.9,24.3,36.2
Spectrum 1 {193},-31.67,-0.46799999999999997,4.6,35.7,24.6,35.1
Spectrum 1 {194},-27.169,-0.46799999999999997,4.8,35.7,25.4,34.1
Spectrum 1 {195},-22.669,-0.46799999999999997,5.0,36.2,25.8,33.0
Spectrum 1 {196},-18.169,-0.46799999999999997,4.9,36.5,26.2,32.4
Spectrum 1 {197},-13.669,-0.46799999999999997,5.0,37.3,26.1,31.6
Spectrum 1 {198},-9.17,-0.46799999999999997,5.0,38.0,26.2,30.8
Spectrum 1 {199},-4.67,-0.46799999999999997,5.1,38.8,25.8,30.3
Spectrum 1 {200},-0.16899999999999998,-0.46799999999999997,5.2,39.6,25.1,30.1
Spectrum 1 {201},4.32,-0.46799999999999997,5.0,40.5,24.8,29.7
Spectrum 1 {202},8.82,-0.46799999999999997,4.9,41.1,24.4,29.7
Spectrum 1 {203},13.319,-0.46799999999999997,4.9,42.1,23.5,29.6
Spectrum 1 {204},17.817999999999998,-0.46799999999999997,4.7,42.9,22.9,29.5
Spectrum 1 {205},22.318,-0.46799999999999997,4.4,43.9,22.2,29.5
Spectrum 1 {206},26.818,-0.46799999999999997,4.3,45.0,21.6,29.1
Spectrum 1 {207},31.318,-0.46799999999999997,4.0,46.0,20.8,29.1
Spectrum 1 {208},35.818000000000005,-0.46799999999999997,4.1,45.7,20.7,29.5
Spectrum 1 {213},-36.17,4.022,4.5,34.4,25.5,35.5
Spectrum 1 {214},-31.67,4.022,4.7,35.0,25.9,34.5
Spectrum 1 {215},-27.171,4.022,4.9,35.4,26.2,33.5
Spectrum 1 {216},-22.67,4.022,4.8,35.9,26.9,32.3
Spectrum 1 {217},-18.17,4.022,5.2,36.1,27.1,31.6
Spectrum 1 {218},-13.671,4.022,5.3,36.8,27.5,30.5
Spectrum 1 {219},-9.17,4.022,5.4,37.5,27.2,29.9
Spectrum 1 {220},-4.671,4.022,5.3,38.4,26.9,29.3
Spectrum 1 {221},-0.16899999999999998,4.022,5.3,39.0,26.5,29.2
Spectrum 1 {222},4.32,4.022,5.4,39.7,26.0,28.9
Spectrum 1 {223},8.818999999999999,4.022,5.3,40.9,25.2,28.6
Spectrum 1 {224},13.32,4.022,5.1,41.4,24.6,28.9
Spectrum 1 {225},17.819000000000003,4.022,4.9,42.5,23.8,28.8
Spectrum 1 {226},22.32,4.022,4.6,43.0,23.6,28.8
Spectrum 1 {227},26.82,4.022,4.6,44.3,22.3,28.8
Spectrum 1 {228},31.32,4.022,4.2,45.4,21.8,28.6
Spectrum 1 {229},35.818000000000005,4.022,4.2,44.8,22.0,29.0
Spectrum 1 {234},-36.171,8.523,5.0,33.6,26.5,34.9
Spectrum 1 {235},-31.67,8.523,4.9,34.4,26.8,33.9
Spectrum 1 {236},-27.171,8.523,5.1,34.7,27.4,32.8
Spectrum 1 {237},-22.67,8.523,5.6,34.9,27.9,31.6
Spectrum 1 {238},-18.169,8.523,5.7,35.2,28.3,30.8
Spectrum 1 {239},-13.669,8.523,5.5,36.2,28.5,29.8
Spectrum 1 {240},-9.171,8.523,5.8,37.0,28.2,29.1
Spectrum 1 {241},-4.67,8.523,5.6,37.5,28.2,28.6
Spectrum 1 {242},-0.17,8.523,5.8,38.4,27.7,28.1
Spectrum 1 {243},4.321000000000001,8.523,5.7,38.9,27.2,28.2
Spectrum 1 {244},8.818999999999999,8.523,5.7,40.1,26.4,27.8
Spectrum 1 {245},13.32,8.523,5.6,40.4,26.0,28.0
Spectrum 1 {246},17.819000000000003,8.523,5.2,41.4,25.2,28.2
Spectrum 1 {247},22.32,8.523,4.9,42.9,24.0,28.1
Spectrum 1 {248},26.818,8.523,4.8,43.4,23.6,28.2
Spectrum 1 {249},31.32,8.523,4.7,44.8,22.7,27.8
Spectrum 1 {250},35.819,8.523,4.5,44.1,23.0,28.3
Spectrum 1 {255},-36.172,13.020999999999999,5.0,33.1,27.3,34.5
Spectrum 1 {256},-31.671999999999997,13.020999999999999,5.2,33.6,27.7,33.5
Spectrum 1 {257},-27.17,13.020999999999999,5.5,33.8,28.4,32.3
Spectrum 1 {258},-22.67,13.020999999999999,5.8,34.3,28.9,31.0
Spectrum 1 {259},-18.168,13.020999999999999,6.0,34.4,29.5,30.0
Spectrum 1 {260},-13.67,13.020999999999999,6.0,35.3,29.7,29.0
Spectrum 1 {261},-9.169,13.020999999999999,6.1,36.1,29.6,28.3
Spectrum 1 {262},-4.67,13.020999999999999,6.1,36.7,29.2,28.0
Spectrum 1 {263},-0.171,13.020999999999999,5.9,37.7,29.1,27.3
Spectrum 1 {264},4.3180000000000005,13.020999999999999,6.0,38.1,28.8,27.2
Spectrum 1 {265},8.818,13.020999999999999,6.1,39.0,27.7,27.1
Spectrum 1 {266},13.318,13.020999999999999,5.8,39.7,27.2,27.3
Spectrum 1 {267},17.817999999999998,13.020999999999999,5.8,40.7,26.3,27.2
Spectrum 1 {268},22.32,13.020999999999999,5.4,42.0,25.4,27.3
Spectrum 1 {269},26.82,13.020999999999999,5.3,43.1,24.5,27.2
Spectrum 1 {270},31.32,13.020999999999999,4.9,44.1,23.8,27.1
Spectrum 1 {271},35.819,13.020999999999999,4.8,43.9,23.5,27.8
Spectrum 1 {276},-36.171,17.523,5.6,32.6,28.0,33.8
Spectrum 1 {277},-31.67,17.523,5.7,33.3,28.5,32.5
Spectrum 1 {278},-27.171,17.523,5.9,33.3,29.1,31.6
Spectrum 1 {279},-22.67,17.523,6.3,33.2,30.2,30.3
Spectrum 1 {280},-18.169,17.523,6.1,33.7,31.0,29.1
Spectrum 1 {281},-13.67,17.523,6.3,33.9,31.5,28.3
Spectrum 1 {282},-9.17,17.523,6.4,34.9,31.4,27.3
Spectrum 1 {283},-4.671,17.523,6.6,35.3,31.5,26.7
Spectrum 1 {284},-0.16899999999999998,17.523,6.5,36.3,31.2,26.0
Spectrum 1 {285},4.3180000000000005,17.523,6.4,36.8,30.8,26.0
Spectrum 1 {286},8.818999999999999,17.523,6.4,37.8,30.1,25.7
Spectrum 1 {287},13.32,17.523,6.2,38.7,29.1,25.9
Spectrum 1 {288},17.819000000000003,17.523,6.0,39.9,28.1,26.1
Spectrum 1 {289},22.32,17.523,5.7,41.2,26.9,26.1
Spectrum 1 {290},26.819000000000003,17.523,5.4,42.2,26.2,26.2
Spectrum 1 {291},31.318,17.523,5.2,43.3,25.3,26.2
Spectrum 1 {292},35.818000000000005,17.523,5.1,43.4,24.6,26.8
Spectrum 1 {297},-36.17,22.025,6.0,32.0,28.7,33.2
Spectrum 1 {298},-31.669,22.025,6.1,32.7,29.6,31.7
Spectrum 1 {299},-27.169,22.025,6.3,32.5,30.8,30.4
Spectrum 1 {300},-22.669,22.025,6.4,32.3,32.2,29.1
Spectrum 1 {301},-18.169,22.025,6.7,32.0,33.5,27.7
Spectrum 1 {302},-13.669,22.025,6.6,31.9,34.7,26.7
Spectrum 1 {303},-9.17,22.025,6.4,32.5,35.5,25.6
Spectrum 1 {304},-4.671,22.025,7.0,32.9,35.1,25.0
Spectrum 1 {305},-0.17,22.025,6.9,33.7,34.9,24.5
Spectrum 1 {306},4.3180000000000005,22.025,6.7,34.5,34.8,24.0
Spectrum 1 {307},8.817,22.025,6.6,35.5,33.8,24.0
Spectrum 1 {308},13.317,22.025,6.6,36.6,32.9,24.0
Spectrum 1 {309},17.819000000000003,22.025,6.2,38.0,31.7,24.2
Spectrum 1 {310},22.316999999999997,22.025,6.1,39.3,30.2,24.4
Spectrum 1 {311},26.818,22.025,5.8,40.6,28.9,24.7
Spectrum 1 {312},31.318,22.025,5.5,41.8,27.6,25.1
Spectrum 1 {313},35.817,22.025,5.6,42.4,26.2,25.8
Spectrum 1 {318},-36.17,26.525,6.6,31.1,30.4,31.9
Spectrum 1 {319},-31.67,26.525,6.7,31.2,31.5,30.6
Spectrum 1 {320},-27.171999999999997,26.525,7.0,30.9,33.1,29.0
Spectrum 1 {321},-22.671,26.525,7.1,30.6,34.6,27.8
Spectrum 1 {322},-18.171,26.525,7.3,30.1,36.0,26.6
Spectrum 1 {323},-13.669,26.525,7.2,30.6,36.2,26.0
Spectrum 1 {324},-9.169,26.525,7.6,31.5,35.5,25.4
Spectrum 1 {325},-4.67,26.525,7.9,32.7,34.4,25.0
Spectrum 1 {326},-0.17,26.525,7.8,33.7,34.0,24.6
Spectrum 1 {327},4.317,26.525,7.8,34.6,33.7,24.0
Spectrum 1 {328},8.818,26.525,7.7,35.3,33.2,23.8
Spectrum 1 {329},13.32,26.525,7.3,36.4,32.8,23.5
Spectrum 1 {330},17.82,26.525,7.0,37.0,32.7,23.3
Spectrum 1 {331},22.32,26.525,6.7,38.3,31.9,23.2
Spectrum 1 {332},26.818,26.525,6.5,39.5,31.3,22.7
Spectrum 1 {333},31.32,26.525,5.9,40.7,30.4,23.0
Spectrum 1 {334},35.82,26.525,5.8,41.1,29.3,23.8
Spectrum 1 {340},-31.671,31.026,7.4,30.6,32.6,29.4
Spectrum 1 {341},-27.171,31.026,7.8,30.3,33.7,28.2
Spectrum 1 {342},-22.669,31.026,7.9,30.3,34.8,27.1
Spectrum 1 {343},-18.17,31.026,8.2,31.0,33.8,27.0
Spectrum 1 {344},-13.67,31.026,8.8,32.5,31.5,27.2
Spectrum 1 {345},-9.169,31.026,9.1,33.7,30.3,27.0
Spectrum 1 {346},-4.669,31.026,8.8,34.9,29.7,26.6
Spectrum 1 {347},-0.171,31.026,9.0,36.1,29.1,25.8
Spectrum 1 {348},4.3180000000000005,31.026,8.9,37.0,28.6,25.5
Spectrum 1 {349},8.818,31.026,8.6,37.6,28.5,25.2
Spectrum 1 {350},13.32,31.026,8.5,38.6,28.3,24.5
Spectrum 1 {351},17.82,31.026,8.1,39.4,28.3,24.2
Spectrum 1 {352},22.32,31.026,7.8,39.9,28.9,23.3
Spectrum 1 {353},26.818,31.026,7.5,40.5,29.1,22.9
Spectrum 1 {354},31.32,31.026,7.0,40.6,29.7,22.6
Spectrum 1 {362},-27.169,35.525,8.6,30.8,32.0,28.7
Spectrum 1 {363},-22.67,35.525,8.8,31.4,31.4,28.4
Spectrum 1 {364},-18.17,35.525,9.2,34.1,26.8,30.0
Spectrum 1 {365},-13.671,35.525,9.5,36.2,24.3,30.0
Spectrum 1 {366},-9.17,35.525,9.7,37.6,22.7,30.1
Spectrum 1 {367},-4.669,35.525,9.8,39.4,21.2,29.6
Spectrum 1 {368},-0.16899999999999998,35.525,9.5,40.9,20.0,29.6
Spectrum 1 {369},4.317,35.525,9.2,41.7,19.5,29.6
Spectrum 1 {370},8.818999999999999,35.525,9.4,42.3,19.9,28.4
Spectrum 1 {371},13.32,35.525,8.9,43.1,20.4,27.7
Spectrum 1 {372},17.817999999999998,35.525,8.8,42.9,21.6,26.7
Spectrum 1 {373},22.318,35.525,8.4,43.2,22.7,25.6
Spectrum 1 {374},26.82,35.525,8.2,43.7,23.8,24.3
