<TICKER>;<PER>;<DATE>;<TIME>;<OPEN>;<HIGH>;<LOW>;<CLOSE>;<VOL>
DSKY;60;20211220;080000;129.1400000;131.4800000;128.6800000;130.7400000;430390
DSKY;60;20211220;090000;130.7200000;131.2000000;130.4200000;131.1600000;99820
DSKY;60;20211220;100000;131.0200000;131.2000000;130.5000000;130.6200000;213100
DSKY;60;20211220;110000;130.6200000;131.2000000;129.8000000;130.9000000;453850
DSKY;60;20211220;120000;130.9000000;130.9400000;129.3600000;129.8000000;580480
DSKY;60;20211220;130000;129.8200000;130.6600000;129.0200000;129.9800000;299640
DSKY;60;20211220;140000;129.9800000;130.1000000;128.5000000;128.9000000;267360
DSKY;60;20211220;150000;128.9200000;129.6200000;128.5000000;129.1000000;177060
DSKY;60;20211220;160000;129.1400000;129.4200000;128.6400000;128.7200000;112100
DSKY;60;20211220;170000;128.7200000;128.9000000;126.7000000;127.3400000;421410
DSKY;60;20211220;180000;127.3400000;128.4000000;127.1200000;127.6600000;328570
DSKY;60;20211220;190000;127.6600000;128.3800000;127.0800000;128.3000000;230300
DSKY;60;20211220;200000;128.3200000;129.4000000;128.3000000;129.3400000;168260
DSKY;60;20211220;210000;129.4600000;129.8600000;129.1400000;129.6800000;74590
DSKY;60;20211220;220000;129.6600000;129.7800000;128.8800000;129.1400000;93170
DSKY;60;20211220;230000;129.2600000;129.2800000;128.4400000;128.5600000;34580
DSKY;60;20211221;000000;128.5600000;129.1000000;128.4600000;129.0600000;22750
